6 0.7125 0.6734375 0.175 0.5875 0.15625 0.6171875 0.690625 0.7078125 0.7125 0.6734375
6 0.337890625 0.470703125 0.279296875 0.4609375 0.2314453125 0.45703125 0.2626953125 0.474609375 0.3359375 0.482421875 0.337890625 0.470703125
6 0.24609375 0.501953125 0.21875 0.505859375 0.2685546875 0.525390625 0.314453125 0.529296875 0.296875 0.5078125 0.24609375 0.501953125
6 0.6079545453125 0.5809659093749999 0.7556818187500001 0.6164772734375 0.7514204546875 0.59375 0.6434659093749999 0.5696022734375 0.6079545453125 0.5809659093749999
6 0.71875 0.6761363640625 0.7542613640625 0.6875 0.765625 0.6647727265625 0.6306818187500001 0.6278409093749999 0.640625 0.640625 0.7014802625 0.6578947375 0.71875 0.6761363640625
6 0.7450657890625 0.8182565796875 0.759046053125 0.8075657890624999 0.7606907890625 0.74917763125 0.7047697375 0.7302631578125001 0.703125 0.7524671046875 0.7212171046875 0.7935855265625 0.7450657890625 0.8182565796875
6 0.288651315625 0.414473684375 0.32730263125 0.41282894687500005 0.3338815796875 0.40707236875 0.2861842109375 0.399671053125 0.288651315625 0.414473684375
6 0.29769736875 0.3774671046875 0.3544407890625 0.381578946875 0.350328946875 0.3766447375 0.29769736875 0.3700657890625 0.29769736875 0.3774671046875
6 0.7598684203125 0.3388157890625 0.774671053125 0.3297697375 0.7203947375 0.3174342109375 0.5057565796875 0.3026315796875 0.5016447375 0.3125 0.6274671046875 0.3240131578125 0.6282894734375 0.336348684375 0.6998355265625 0.3314144734375 0.7598684203125 0.3388157890625
6 0.49095394687500005 0.3314144734375 0.5370065796875 0.3338815796875 0.5411184203125 0.3256578953125 0.491776315625 0.321546053125 0.49095394687500005 0.3314144734375
6 0.662828946875 0.3618421046875 0.6735197375 0.3560855265625 0.5263157890625 0.3388157890625 0.43667763125 0.3338815796875 0.4432565796875 0.3404605265625 0.553453946875 0.3486842109375 0.662828946875 0.3618421046875
6 0.4013157890625 0.3412828953125 0.3396381578125 0.3552631578125 0.3297697375 0.367598684375 0.42845394687500005 0.375 0.4802631578125 0.3717105265625 0.45148026249999995 0.3470394734375 0.4013157890625 0.3412828953125
6 0.5805921046875 0.3774671046875 0.6546052625 0.3856907890625 0.655016446875 0.3782894734375 0.5921052625 0.3692434203125 0.5805921046875 0.3774671046875