3 0.020449735937499998 0.94927850625 0.024622453125 0.9107044890625 0.0146079203125 0.9107044890625 0.012104253125 0.9448276812499999 0 0.9522457515625 0.0029474046875 0.96189476875 0.012938825000000001 0.9611474859375001 0.027126075 0.9834017796875001 0.033802459374999996 0.975983628125 0.020449735937499998 0.94927850625
3 0.1193837015625 0.78383283125 0.1256024859375 0.8231710578125 0.133947921875 0.8246546390624999 0.12977520468749998 0.787564203125 0.1193837015625 0.78383283125
3 0.1681643296875 0.98933626875 0.17650976406250002 0.9863690249999999 0.16065341718749998 0.9047700000000001 0.1689988546875 0.8498761781249999 0.163157040625 0.8469089343749999 0.14813521875 0.9092209078125 0.1276469234375 0.9307345421875001 0.13478249375 0.937409609375 0.1548115578125 0.92405705 0.16232246875 0.9700492203125 0.1681643296875 0.98933626875
3 0.1667094234375 0.71305291875 0.16732975781249998 0.794982275 0.175675240625 0.794982275 0.17650976406250002 0.723768646875 0.1667094234375 0.71305291875
3 0.1781788609375 0.7771788875000001 0.17872865468750002 0.86529650625 0.1865242984375 0.8661959828124999 0.1915315875 0.814269325 0.1840206765625 0.7682771546875 0.1781788609375 0.7771788875000001
3 0.229086140625 0.563537925 0.206523125 0.6436084734375 0.2107261265625 0.6584894265625 0.23743162187500003 0.5620543015624999 0.229086140625 0.563537925
3 0.2774897984375 0.7964659375 0.3058643453125 0.830589128125 0.2908425234375 0.931475121875 0.2699788875 0.9507621703125 0.2716479828125 0.9611474859375001 0.295015240625 0.9507621703125 0.3100370625 0.8988355109375 0.3342388921875 0.9077372453124999 0.37012435 0.9596639046875 0.4302116359375 1 0.44356440625 0.9937870953125 0.4010025171875 0.96559839375 0.3484261890625 0.873614053125 0.433549828125 0.565021546875 0.52701895 0.6317843078125 0.5428752984375 0.630300725 0.5136661796875 0.4403976390625 0.5345298609375 0.392921846875 0.5654080296874999 0.455233821875 0.572084415625 0.5249638265625001 0.5645735046875 0.5783741078125 0.5745880828125001 0.585792178125 0.5787608015625 0.5457344984375 0.594617146875 0.5264474484375 0.6279989828125 0.5828249343749999 0.63550989375 0.58430855625 0.6321717015625 0.5561198125 0.6012935328125 0.4952915015625 0.593782621875 0.5027095734375 0.5871062375 0.4626518921875 0.6121426375000001 0.41814334375 0.63384084375 0.37808566250000003 0.6455244734375001 0.133288734375 0.6305026515625001 0.1347723375 0.623826265625 0.203018759375 0.593782621875 0.1659283234375 0.5712498890625 0.1763136390625 0.5003135000000001 0.1555429875 0.50532074375 0.1748300359375 0.5629044546874999 0.203018759375 0.572084415625 0.2593962453125 0.5645735046875 0.3528641671875 0.519508040625 0.3766020421875 0.4986443578125 0.39440546875 0.484457153125 0.3810529078125 0.408513428125 0.2593962453125 0.40600985312500004 0.2712651828125 0.47611162656249995 0.40627440625 0.461089803125 0.43743039375 0.44272988125 0.46413551406250003 0.427708059375 0.470070003125 0.401837134375 0.49974232812499997 0.3592752921875 0.5056768171875 0.3567716234375 0.5264474484375 0.3976644171875 0.5264474484375 0.4160243390625 0.536832803125 0.41352076406249993 0.576890484375 0.3584407203125 0.7623426656250001 0.32589345625 0.8825157875 0.311706159375 0.8765812984375 0.3183825453125 0.8216873937500001 0.2841661375 0.7623426656250001 0.2441079625 0.662940334375 0.2441079625 0.6258499 0.2373224046875 0.623576421875 0.2391006734375 0.6481041125 0.23242433281250002 0.659973090625 0.24744615468750003 0.7178341578125 0.2774897984375 0.7964659375
3 0.3100370625 0.5487017437499999 0.2966843375 0.6080464328125 0.3049305765625 0.6088862515625 0.320886165625 0.5546361906249999 0.33924618125 0.458201025 0.3300661734375 0.45671744218750004 0.3100370625 0.5487017437499999
3 0.6939281296875001 0.6228826546875 0.6789063093750001 0.5531525687500001 0.659711678125 0.49974232812499997 0.651985865625 0.5033841140625 0.6630498703125001 0.5531525687500001 0.68725174375 0.64662053125 0.69726623125 0.6570058453125001 0.6939281296875001 0.6228826546875
3 0.39349160625 0.45078295468749996 0.376800734375 0.4314959046875 0.3459225203125 0.39737271406249997 0.340915278125 0.40182357968750004 0.363448009375 0.4285287015625 0.371793490625 0.4463320875 0.39182255625 0.459684646875 0.39349160625 0.45078295468749996
3 0.27248250937499996 1 0.2716479828125 0.9700492203125 0.267475265625 0.9270242953125001 0.2766552265625 0.9062536625 0.271126490625 0.8893349687500001 0.2491152515625 0.9077372453124999 0.258295259375 0.935926028125 0.2574606875 1 0.27248250937499996 1