5 0.03492943125 0.3567540328125 0.049251434375 0.3357572953125 0.078850215625 0.3386204859375 0.102720265625 0.3567540328125 0.12277106874999999 0.37679636250000004 0.1246806234375 0.37488758125 0.11131346718749999 0.3548452515625 0.0903078171875 0.31094299531249997 0.0740762609375 0.30807980625 0.05975425937499999 0.31476061093749996 0.050206210937499995 0.31857815624999997 0.039703456250000005 0.31285177656249996 0.016788251562500002 0.352936434375 0.0139238515625 0.386340340625 0.0158334046875 0.4331057515625 0.02442660625 0.4235618078125 0.0263362296875 0.37679636250000004 0.03492943125 0.3567540328125
5 0.1514150734375 0.4235618078125 0.133132909375 0.4104580734375 0.15236985 0.45123929843750005 0.1705111 0.44742170000000003 0.16669185312499998 0.43024256093749996 0.1514150734375 0.4235618078125
5 0.22397986250000002 0.5896267843749999 0.2363923109375 0.6335291109375001 0.2564431140625 0.67075054375 0.26694586875000004 0.6688417265625 0.2497594671875 0.6363923 0.2287538859375 0.562903703125 0.217296284375 0.5180470734375 0.20965785937499998 0.523773453125 0.2125222609375 0.5562229140625 0.22397986250000002 0.5896267843749999
5 0.22111546249999997 0.2460440203125 0.2192059078125 0.2603600046875 0.22111546249999997 0.2784935171875 0.2363923109375 0.2784935171875 0.23734708750000003 0.25749681406249997 0.22111546249999997 0.2460440203125
5 0.2974994984375 0.47128162656250006 0.2898610734375 0.4006562890625 0.2955898734375 0.3691612015625 0.2860418953125 0.33289410625000004 0.26694586875000004 0.3262133703125 0.2631266921875 0.341483675 0.25930751406249997 0.3662980109375 0.2554882671875 0.37679636250000004 0.24689506562500002 0.367252384375 0.23925671093749998 0.334802940625 0.22366078125 0.3520160296875 0.23257306406249997 0.38538593125 0.2316182875 0.413063421875 0.2421211125 0.4646008390625 0.2974994984375 0.47128162656250006
5 0.33855588124999997 0.4560112703125 0.3328270796875 0.442649728125 0.339510728125 0.41783542812499996 0.326143503125 0.4035194796875 0.3080023234375 0.40733704218750005 0.3099118765625 0.4264249984375 0.321369478125 0.463646465625 0.32041470156249996 0.488460765625 0.3337819265625 0.49227836406250003 0.33855588124999997 0.4560112703125
5 0.36990036718749997 0.498766859375 0.3754105625 0.4726045703125 0.377476878125 0.4984226140625 0.394351790625 0.5039304671875 0.3995175828125 0.4856857203125 0.40192827812500004 0.44437685 0.3929742296875 0.4199357609375 0.3826426703125 0.4092643171875 0.370933525 0.40960854375 0.3736886234375 0.43026297812500003 0.365078978125 0.4068546234375 0.3537142359375 0.40960854375 0.3485046140625 0.4216668921875 0.35164791875 0.4533271015625 0.3571580890625 0.46399856406250006 0.3523366734375 0.49360324999999994 0.36990036718749997 0.498766859375
5 0.5169532390625 0.5149461625 0.524185346875 0.533535165625 0.521774628125 0.539731496875 0.5482923937499999 0.5445508484375 0.5431266015625 0.51942129375 0.5334837734375 0.5018650234375001 0.5407158812499999 0.49153780625000004 0.5365832484374999 0.45952343281249997 0.5193639578125 0.44644229375 0.5079992156250001 0.464687040625 0.5079992156250001 0.48706267499999994 0.5124762015625 0.49153780625000004 0.5166088359375001 0.48912811874999995 0.5169532390625 0.5149461625
5 0.5832560015625 0.2502174890625 0.5944248265625001 0.2529704578125 0.5927793203125 0.2331620921875 0.5804783484375 0.2335587234375 0.5757166875 0.247837665625 0.5832560015625 0.2502174890625
5 0.65110965 0.3462037 0.6665850437499999 0.339064228125 0.6721403515625 0.31764581718749996 0.6705531125 0.30455678750000004 0.675711596875 0.29821060781250003 0.671346703125 0.266876253125 0.675314771875 0.25101076875 0.6630137984375 0.2355419171875 0.63563425625 0.2327654515625 0.627301353125 0.25537377031249997 0.6217461015625 0.2791720203125 0.6269045281250001 0.32121555156250003 0.6372214953124999 0.3406507828125 0.65110965 0.3462037
5 0.7104339265624999 0.13480740625 0.7127258140625 0.1399620046875 0.7425205218750001 0.13480740625 0.740228634375 0.12507093593750002 0.7178825921875001 0.1216345375 0.7104339265624999 0.13480740625
5 0.76945038125 0.1966625875 0.7683044156250001 0.22243558437500002 0.7820558265625001 0.23675392187500002 0.7998180921875 0.23389026249999997 0.8164343515624999 0.2235810640625 0.832477690625 0.19838078750000002 0.8238830593750001 0.18921706875 0.720111821875 0.1926777328125 0.7207474828125 0.21670826562499998 0.7442394484375 0.21957192499999997 0.7562719312499999 0.20009898750000002 0.76945038125 0.1966625875
5 0.8777426937499999 0.1800533296875 0.8680021390625001 0.1915079875 0.87029406875 0.2092627265625 0.8846183984374999 0.20525358593749998 0.8840454796874999 0.18578066875000002 0.8777426937499999 0.1800533296875
5 0.8713918515625 0.5684727656249999 0.8559003765625001 0.5795468953125 0.8476604812499999 0.608591134375 0.8693444250000001 0.619862025 0.8713918515625 0.5684727656249999
5 0.6052337343749999 0.7685878640625 0.629519784375 0.788095184375 0.6442648703125 0.7538490109375 0.645999609375 0.712233378125 0.629953453125 0.68535663125 0.629519784375 0.664982325 0.61650940625 0.6476424796875 0.5965601687500001 0.6459084890625 0.5846024984375 0.6611197796875 0.58311610625 0.6849231296875 0.5809477140625 0.714400853125 0.5969938375 0.7378096375000001 0.6052337343749999 0.7685878640625
5 0.7600572734375 0.7564499859375 0.7661287625 0.728706221875 0.7687308390625 0.7013959890625 0.7561541609375 0.688391109375 0.7370722609375 0.6862236187499999 0.7283986640625 0.7057309375 0.7336028156250001 0.72220378125 0.7470468953125 0.7438785921875 0.7600572734375 0.7564499859375
5 0.7817412171875 0.763459321875 0.7800065109375 0.7816661546875 0.7774044359375 0.8033409484374999 0.7891137765625 0.8297842109375001 0.8099303828125001 0.8679318484375 0.8173029093749999 0.8796362406249999 0.8168692406250001 0.8922076359375 0.8246754671875 0.902178053125 0.8251091359375 0.9255868375 0.8411552921875 0.9481286203125 0.8493951875000001 0.953330571875 0.8563340453125001 0.9863496671875 0.8654413109375 0.9945860968750001 0.8654413109375 1 0.8749822765624999 0.998054059375 0.8780179890625 0.9802807281250001 0.901003034375 0.9824482031249999 0.899701996875 0.9655418750000001 0.8901610312500001 0.9538374828125 0.8944978453125 0.9460345546875001 0.9036051109375001 0.946468040625 0.9018703718750001 0.9295616953125 0.8931968078124999 0.9234927578125 0.8849568796874999 0.90311845 0.8680433875 0.8922810453125001 0.858502453125 0.8501585171875 0.860237159375 0.7638928234375 0.8572014156250001 0.7443855109374999 0.853174740625 0.7475209281249999 0.840287921875 0.7820996546875 0.8212060234375 0.7552228921874999 0.8012567859375 0.7530554171875 0.7817412171875 0.763459321875
5 0.3982090796875 0.7162158015625 0.38380425625000003 0.697917415625 0.354694515625 0.694617709375 0.31688183125 0.6709197875 0.287471996875 0.644222134375 0.28237028125 0.6628204984375 0.2706663625 0.654121265625 0.26946596718750004 0.6754193921875 0.386805253125 0.7267148875 0.4027105875 0.7321144140625 0.3982090796875 0.7162158015625