2 0.2265211640625 0.349647265625 0.20254629687499998 0.3841857734375 0.1992394171875 0.428277484375 0.2174272484375 0.484126984375 0.28108465625 0.547325103125 0.3125 0.579659025 0.34804894218750004 0.6200764249999999 0.3645833328125 0.6994415046875 0.39351851875 0.764109346875 0.44725529062499997 0.8015873015625001 0.5166997359375001 0.7883597890625 0.5638227515625001 0.76925338125 0.6006117718749999 0.691358025 0.6307870375 0.5664315109375 0.6572420640625001 0.4679600234375 0.7010582015625 0.37184009375 0.6960978843750001 0.3239271015625 0.674603175 0.26748971250000003 0.6241732812499999 0.22839506250000002 0.5357142859375 0.2019400359375 0.371197090625 0.23427395624999997 0.3075396828125 0.2754262203125 0.253802909375 0.315843621875 0.2265211640625 0.349647265625
6 0.34474206406249996 0.4644326859375 0.39517195781250003 0.45120517343750005 0.48363095312500004 0.4291593171875 0.33482142812500004 0.5320399765625 0.46875 0.4791299234375 0.59358465625 0.44091710781250004 0.6547619046875 0.417401528125 0.6605489421875 0.364491475 0.5390211640625 0.40858318593750004 0.57457010625 0.354203409375 0.59937169375 0.270429159375 0.6018518515625 0.2189888296875 0.5704365078125 0.2219282765625 0.5572089953125 0.2469135796875 0.537367725 0.26308054062499997 0.5381944437499999 0.22780717187500002 0.5233134921875 0.22780717187500002 0.477843915625 0.31011169843749997 0.4307209 0.3292181078125 0.2422288359375 0.50558495 0.24388227499999998 0.5188124640625 0.3050595234375 0.4820693703125 0.34474206406249996 0.4644326859375
6 0.06283068750000001 0.537918871875 0.077711640625 0.551146384375 0.1289682546875 0.5643738984375 0.13062169375 0.55408583125 0.06283068750000001 0.537918871875
6 0.06283068750000001 0.7848324515625 0.051256614062500004 0.7084068203125 0.0454695765625 0.7157554375 0.056216931250000005 0.7804232796874999 0.077711640625 0.86419753125 0.0818452375 0.8568489125 0.06283068750000001 0.7848324515625
6 0.6994370937500001 0.901647603125 0.6896755328124999 0.9008930859375001 0.6994370937500001 0.9137198718749999 0.7176869703125 0.9265466578125 0.7096230718750001 0.9091927703125 0.6994370937500001 0.901647603125
6 0.6956173531250001 0.4459194421875 0.6956173531250001 0.4338471734375 0.6892511171875 0.4346016890625 0.68458254375 0.43837427343749996 0.6005482328125 0.4670459125 0.59290875 0.4738365640625 0.6285596703125 0.46780042968749996 0.6608152640625 0.458746228125 0.6875534546875001 0.45120105937500005 0.6956173531250001 0.4459194421875
6 0.6145539515625 0.51382595625 0.6005482328125 0.5055262703125 0.5385835390625 0.49873561874999994 0.5199092484375 0.5153349890625 0.5071767765625 0.5364614609375 0.5356126296875 0.529670809375 0.5470718531250001 0.544006628125 0.5878157625 0.5349524265625 0.6145539515625 0.51382595625
6 0.774134259375 0.556833415625 0.7125939812500001 0.529670809375 0.6625129265624999 0.5160895062499999 0.7384833390625001 0.549288246875 0.8462849312499999 0.600595390625 0.847558178125 0.5915411890625 0.774134259375 0.556833415625
6 0.7771051703125 0.5953137734375 0.8119072578125 0.6353031640625 0.816151415625 0.630021546875 0.7834714046875 0.5953137734375 0.7771051703125 0.5953137734375
6 0.75266985 0.6261219734375 0.7029166828125 0.5808076484375 0.6864956859375 0.5694790671875001 0.7048773984375 0.5856005093750001 0.7281609015625 0.6065148125000001 0.7541403875 0.6330934078125 0.75266985 0.6261219734375
6 0.7360037640625 0.618279109375 0.6994854296875 0.5877790828125 0.686740775 0.58255050625 0.7029166828125 0.59518623125 0.7210533046875 0.610871959375 0.739189928125 0.6256862578125 0.7360037640625 0.618279109375
6 0.8054763062499999 0.658621509375 0.868334609375 0.6111532921875 0.8636063296875 0.6081865296875 0.8035293671874999 0.652193521875 0.8054763062499999 0.658621509375
6 0.932496153125 0.3359232828125 0.9121000468749999 0.2990488890625 0.9094163468750001 0.3023237359375 0.9253396203124999 0.334015990625 0.9557548828125 0.3893275921875 0.957544015625 0.38424147343750004 0.932496153125 0.3359232828125
6 0.9621186953124999 0.4051352140625 0.9412785703125 0.4222248234375 0.9402098625 0.43836502499999996 0.9514314562499999 0.4355167625 0.9621186953124999 0.4051352140625