1 0.7471590906250001 0.5042613640625 0.7457386359375 0.44673295468749996 0.6988636359375 0.3863636359375 0.6178977265625 0.36789772656249997 0.515625 0.35795454531250004 0.43323863593749995 0.36931818125000004 0.39914772656249997 0.39914772656249997 0.3948863640625 0.43892045468749996 0.42045454531250004 0.49289772656249997 0.48011363593749995 0.5625 0.578125 0.5866477265625 0.7002840906250001 0.5625 0.7471590906250001 0.5042613640625
1 0.07954545468749999 0.49289772656249997 0.0397727265625 0.6321022734375 0 0.7457386359375 0.0014204546874999999 0.890625 0.075284090625 0.9417613640625 0.22443181874999998 0.9488636359375 0.3238636359375 0.8835227265625001 0.37784090937500003 0.7826704546875 0.4375 0.7017045453125 0.46164772656249997 0.6058238640625 0.41264204531250004 0.5504261359375 0.3551136359375 0.48011363593749995 0.237215909375 0.421875 0.2073863640625 0.40482954531250004 0.12642045468750002 0.419034090625 0.07954545468749999 0.49289772656249997
1 0.5923295453125 0.8451704546875 0.6846590906250001 0.83806818125 0.7542613640625 0.796875 0.7897727265625 0.7514204546875 0.8167613640625 0.6747159093749999 0.7883522734375 0.6278409093749999 0.6960227265625 0.6150568187500001 0.6150568187500001 0.6363636359375 0.5625 0.6676136359375 0.5355113640625 0.7350852265625 0.5340909093749999 0.80255681875 0.5923295453125 0.8451704546875
1 0.15056818125 0.0866477265625 0.1136363640625 0.090909090625 0.090909090625 0.11221590937499999 0.08380681875 0.1335227265625 0.0866477265625 0.1633522734375 0.1107954546875 0.1875 0.17045454531249998 0.18607954531249998 0.1946022734375 0.15482954531249998 0.19318181875 0.11505681875 0.15056818125 0.0866477265625
1 0.37642045468749996 0 0.35369318125000004 0.0042613640625 0.35227272656249997 0.0426136359375 0.390625 0.06818181875 0.44744318125 0.0667613640625 0.46306818125 0.051136364062499995 0.455965909375 0.0142045453125 0.419034090625 0 0.37642045468749996 0
1 0.31960227343750003 0.12784090937499998 0.2926136359375 0.1022727265625 0.26278409062499997 0.1008522734375 0.24005681874999998 0.11505681875 0.2329545453125 0.1321022734375 0.25568181874999996 0.1761363640625 0.296875 0.18181818125 0.31960227343750003 0.1519886359375 0.31960227343750003 0.12784090937499998
1 0.42613636406250005 0.1448863640625 0.440340909375 0.1363636359375 0.44744318125 0.1178977265625 0.43323863593749995 0.0894886359375 0.39204545468749996 0.0774147734375 0.34943181874999996 0.07244318125 0.34375 0.0823863640625 0.328125 0.1107954546875 0.34090909062499997 0.13494318125 0.37997159062499997 0.140625 0.42613636406250005 0.1448863640625
1 0.41193181875 0.17045454531249998 0.39630681874999996 0.1448863640625 0.36505681874999996 0.1321022734375 0.33522727343750003 0.12784090937499998 0.32528409062499997 0.1477272734375 0.32670454531250004 0.16619318125 0.3551136359375 0.200284090625 0.3863636359375 0.2045454546875 0.40198863593749995 0.18892045468750002 0.41193181875 0.17045454531249998
1 0.5340909093749999 0.2144886359375 0.5198863640625 0.17045454531249998 0.484375 0.15056818125 0.43039772656249997 0.1448863640625 0.41619318125 0.15482954531249998 0.41619318125 0.2017045453125 0.44744318125 0.2357954546875 0.47727272656249997 0.24005681874999998 0.5198863640625 0.234375 0.5340909093749999 0.2144886359375
1 1 0.1875 0.9872159093749999 0.17471590937499998 0.9460227265625001 0.18892045468750002 0.8948863640625 0.1761363640625 0.83806818125 0.1676136359375 0.8323863640625 0.1946022734375 0.8813920453125 0.25213068125000004 0.9389204546875 0.28409090937500003 0.9893465906250001 0.27982954531250004 1 0.2428977265625 1 0.1875
1 0.221590909375 0.0241477265625 0.2017045453125 0.046875 0.2173295453125 0.06818181875 0.2329545453125 0.0710227265625 0.27414772656249997 0.0710227265625 0.2769886359375 0.046875 0.25142045468749996 0.0298295453125 0.221590909375 0.0241477265625