5 0.2948845875 0.4310475109375 0.28205649843749997 0.440853075 0.31299480625 0.46876120468750004 0.33789635625000003 0.4846009484375 0.3515507171875 0.480160909375 0.336387153125 0.45292146093749996 0.350724390625 0.44160735781250005 0.32733204374999997 0.4295389734375 0.2948845875 0.4310475109375
5 0.3914723828125 0.5057205875 0.3904932 0.5172921140625 0.4103372296875 0.52985733125 0.42241069062500003 0.5177889734375001 0.40958259999999996 0.5049663328125 0.3914723828125 0.5057205875
5 0.5031520984375 0.49893212656249997 0.4842872515625 0.501194946875 0.4828683921875 0.5209146703124999 0.4857964 0.541171434375 0.500888321875 0.541171434375 0.5122072078125 0.5162804359375001 0.5031520984375 0.49893212656249997
5 1 0.914038028125 0.9551529296875 0.8853756453124999 0.9393064875 0.8899012859375001 0.9151595671875 0.874815796875 0.8910126453125 0.8642559765625 0.8789391296875 0.8695359015624999 0.8744115750000001 0.844644875 0.85328295 0.8506790546874999 0.8344182140624999 0.852941875 0.83894576875 0.8295593859375 0.8178171437499999 0.8220166843750001 0.7989522953125 0.83031366875 0.79668851875 0.816736746875 0.772541596875 0.811456821875 0.76046808125 0.825788028125 0.7461308984375 0.8250337453125001 0.7370757890624999 0.83861066875 0.7272660515625 0.8378564140625 0.7385849375 0.8122111046875 0.719720090625 0.7948628375 0.6638802874999999 0.7918457203125 0.6593527328125 0.809948284375 0.6427516625 0.7910914375 0.6359603296875 0.768463246875 0.6170954828124999 0.7654461703125001 0.6080403734375001 0.7767602734375 0.60351281875 0.7760059765625 0.6133225578125 0.7450807578124999 0.58464808125 0.736783759375 0.5703107890625 0.7488521296874999 0.5642740859375001 0.7428179375 0.5454092390625 0.7579034124999999 0.53484498125 0.77374315625 0.5205076875 0.76318335 0.5091888015625 0.7692175156250001 0.46995001406250003 0.8054226437500001 0.49334236093749995 0.8544504125 0.47372299375000004 0.8438905921875 0.45561277499999997 0.8710444390625 0.464667884375 0.9057410296875 0.4630923171875 0.914038028125 0.5159138234375 0.874815796875 0.5800541625 0.8521875921875001 0.6713598281250001 0.8506790546874999 0.7634201234375 0.8650102593750001 0.9143385734375 0.9155465671874999 1 0.944208978125 1 0.914038028125
5 0.7241812796875 0.6892006484375 0.7362547953125 0.7088117921875 0.7687022515625 0.6937262890625 0.750592034375 0.679395125 0.7241812796875 0.6892006484375
4 0.9270416796875001 0.786697490625 0.916933171875 0.7883835640625 0.8908197890625 0.769837328125 0.8402775874999999 0.7344308734375 0.7956320906250001 0.7091405156249999 0.7703610453125 0.704925503125 0.76480968125 0.7157011328125 0.76783391875 0.7327448578125 0.925356890625 0.7993426968749999 0.9438890046875 0.7909125593749999 0.9270416796875001 0.786697490625
4 0.5252317015625 0.5860609890624999 0.467950625 0.5565555921875001 0.4607786359375 0.5599779140625001 0.494906403125 0.5835319359375 0.553029871875 0.6197814 0.5639806625 0.61472335 0.5252317015625 0.5860609890624999
4 0.4190932125 0.419987878125 0.408870896875 0.42742779375 0.41993560781249994 0.4697255 0.4342558625 0.47225452343749996 0.4359405953125 0.4242029328125 0.4190932125 0.419987878125
4 0.5604843875000001 0.49527265 0.5155521015625 0.495888628125 0.510751053125 0.4972186265625 0.5186296671874999 0.522991734375 0.5647929281249999 0.5377752421875 0.5887978734375 0.5125200703125 0.5604843875000001 0.49527265
4 0.6044143562500001 0.44865023906249996 0.5783009171875 0.41661583125 0.5311282937499999 0.41492981562500003 0.5256633109375 0.424647021875 0.5538722671875 0.43516206718749995 0.5648230562500001 0.44780723125 0.5816704374999999 0.44780723125 0.6044143562500001 0.44865023906249996
4 0.658326021875 0.46298140625000006 0.639674953125 0.4747009140625 0.6524294296875001 0.47394056874999996 0.6718038828124999 0.48911474374999997 0.6785428125 0.479841625 0.658326021875 0.46298140625000006
4 0.568486021875 0.462009746875 0.548002234375 0.4606447375 0.5580223109375 0.47124943437500005 0.5758721265625 0.4737133453125 0.568486021875 0.462009746875
6 0.25308145 0.25309953281249997 0.31185904531249997 0.2503187375 0.3077239921875 0.23211070625 0.2547955546875 0.24452527656249998 0.25308145 0.25309953281249997