5 0.0748226546875 0.643222228125 0.0574058171875 0.6319068296875 0.022572142187499998 0.6310364468749999 0.0190887265625 0.629295590625 0.00080108125 0.5953493359375 0.0016718906249999998 0.6658530546875 0.07221010781250001 0.658889721875 0.0748226546875 0.643222228125
5 0.2089323796875 0.7737846828125 0.215028221875 0.7494130593749999 0.21851163750000002 0.7032809624999999 0.2106740578125 0.679779721875 0.2019656078125 0.663241815625 0.1714861578125 0.6562784828125 0.1548760484375 0.6759909484375 0.16713199375 0.698928896875 0.1915154828125 0.7372272171875001 0.2089323796875 0.7737846828125
5 0.2594412140625 1 0.2890498546875 0.9905376374999999 0.309950046875 0.97138843125 0.31343346250000004 0.9522392859375 0.29514575625 0.9339605546874999 0.2725038265625 0.9319168015624999 0.251603634375 0.913638040625 0.2428952453125 0.8753396906249999 0.2394118296875 0.844875115625 0.215607484375 0.81018783125 0.21938250625000003 0.8678089296874999 0.22896170312500003 0.9339605546874999 0.2359284734375 1 0.2594412140625 1
5 0.22460753906250003 0.6850022296875 0.23070338124999998 0.6850022296875 0.204832553125 0.6044845796875 0.2115449265625 0.643222228125 0.21328654375 0.6440926703125001 0.21328654375 0.678909309375 0.22460753906250003 0.6850022296875
5 0.25857040468750003 0.513530246875 0.246378540625 0.4987331359375 0.22373667031250002 0.5187527249999999 0.21851163750000002 0.54921726875 0.2071906421875 0.559662284375 0.22025331406249998 0.5901268578125001 0.21764076875 0.6136280968750001 0.234186796875 0.643222228125 0.26458444999999997 0.641707071875 0.281212275 0.592738096875 0.28208314375 0.5509581234375001 0.27337469531249997 0.529197740625 0.25857040468750003 0.513530246875
5 0.497181153125 0.80309514375 0.499793640625 0.823114703125 0.5024061265624999 0.8518384203125 0.5198230234375 0.844875115625 0.5189521546875 0.8353005140624999 0.526121440625 0.829778615625 0.5337564453125 0.8039655265625001 0.5285314718749999 0.7865572078125 0.51459793125 0.78394596875 0.497181153125 0.80309514375
5 0.3404294984375 0.5312222640625001 0.38048826562500004 0.5164252140625 0.397905103125 0.5286109953125 0.410967715625 0.5434080765625 0.4414472265625 0.5303518515625 0.4518972921875 0.5016281046875 0.459734871875 0.48073810312500004 0.47105580781249995 0.4546256234375 0.47802263749999996 0.4198089859375 0.461476609375 0.39021482500000004 0.43883473906250003 0.38586275937500003 0.4188052953125 0.37367691875000003 0.3883258453125 0.3945668890625 0.37787571875000003 0.375417775 0.34739626874999996 0.37889939687499996 0.330850240625 0.38760355625 0.31517508125 0.40762314374999997 0.31343346250000004 0.4102343828125 0.31952930468749996 0.46594102187499997 0.32214185156249997 0.4894422625 0.3291085625 0.5181660109374999 0.3404294984375 0.5312222640625001
5 0.45712238593750004 0.6469876078125 0.464959965625 0.6783225953125 0.4928269296875 0.7000830687499999 0.5163396687499999 0.6652663703125 0.5354981828125001 0.62522719375 0.5407232765625001 0.5634276640625 0.5476899875 0.5355743296875 0.5250481171875 0.5016281046875 0.5067603515625 0.499016865625 0.4841184796875 0.50946185 0.4712672390625 0.541794065625 0.45712238593750004 0.5860584906249999 0.462347478125 0.6226159859375 0.45712238593750004 0.6469876078125
6 0.38476195 0.3345625625 0.444874528125 0.3020178546875 0.6695577140625 0.21128716406249998 0.6626595359375 0.201425128125 0.5719979281249999 0.228052634375 0.4340345515625 0.284266215625 0.3147948125 0.3621762703125 0.29607124218749997 0.366121071875 0.285231265625 0.3838727421875 0.28747202031249997 0.4165335828125 0.329576653125 0.3819003421875 0.3788492546875 0.37499690625 0.38476195 0.354286634375 0.38476195 0.3345625625
5 0.44493058124999996 0.3092661046875 0.44580145 0.330156090625 0.45450989843749995 0.3440827734375 0.4719266765625 0.3336377875 0.4693141890625 0.3162294390625 0.464959965625 0.3031731984375 0.463218228125 0.3031731984375 0.464089096875 0.270097371875 0.44754306875000005 0.270097371875 0.4414472265625 0.29620985 0.44493058124999996 0.3092661046875
5 0.7000873578125 0.14765239218749998 0.6939915156249999 0.13546656562499998 0.6835413296875 0.1433003125 0.6844121984375 0.176376125 0.6948622656250001 0.1903028078125 0.7044415828124999 0.172024075 0.7000873578125 0.14765239218749998
5 0.6844121984375 0.5764839187499999 0.695733134375 0.5555939171875 0.7079249390625 0.51120270625 0.7087958078125001 0.46768187812499995 0.6983456203125 0.45375524062499994 0.6739621328125 0.4642002265625 0.665253684375 0.49205353125 0.662641196875 0.533833503125 0.6678661703125 0.5712614109375 0.6844121984375 0.5764839187499999
5 0.7259339984375 0.5058679578125 0.7235175265625 0.5471962671874999 0.7326464046875001 0.5533686609374999 0.7466082640625 0.537535096875 0.749561709375 0.50559959375 0.7573481359375 0.49379150625 0.7573481359375 0.4739324640625 0.7568111265625 0.45890397812500006 0.7613756015625001 0.4470958921875 0.7525151921875 0.4344827109375 0.7490247359375 0.42186953281250006 0.7321094312499999 0.42428482343749996 0.7286189750000001 0.43099395781250005 0.720295575 0.4425336796875 0.7165366140625 0.46910188281250004 0.7240545359375 0.4951333390625 0.7259339984375 0.5058679578125
5 0.8344067765625001 0.43653622500000006 0.8427301406250001 0.41506697656249997 0.8381657015625 0.39977013125 0.8255463671875001 0.3935977375 0.81829695 0.40191705781250003 0.8220558734375001 0.4096996671875 0.8153434671875001 0.4370729640625 0.8121215171875 0.45049122812500003 0.8284998124999999 0.4596156609375 0.8344067765625001 0.43653622500000006
5 0.8070200671875 0.48126580468749997 0.8035296125 0.4914636953125 0.799233640625 0.50488196875 0.799233640625 0.5239359359375 0.8035296125 0.5317185375 0.8121215171875 0.5344021828125001 0.820713421875 0.5233992078124999 0.8231298953125 0.5102492796875 0.8263518828124999 0.4989779296875 0.823935409375 0.47750868124999996 0.820713421875 0.4742882984375 0.8080940515625 0.4724097453125 0.8070200671875 0.48126580468749997
5 0.669818146875 0.7782709109375 0.6453849390624999 0.7946412140625 0.6590782749999999 0.797324878125 0.6856594687500001 0.789542259375 0.7170735875 0.7729036015624999 0.7417753203124999 0.7578751296874999 0.73855336875 0.752239446875 0.711435165625 0.7525078109375001 0.6907309984375 0.7475089234375 0.6883444265625001 0.746603771875 0.6759935796875001 0.755191475 0.669818146875 0.7782709109375
5 0.8470261109375 0.6805858390624999 0.8387027109374999 0.6663624593749999 0.820713421875 0.6612635171875 0.8062145890625001 0.6652890015625 0.80191861875 0.68219603125 0.792789740625 0.7079591265625 0.7831238515625001 0.730233478125 0.8478315890625 0.6991030640625 0.8518590546875 0.697492871875 0.8470261109375 0.6805858390624999
5 0.96992945625 0.6376888953125001 0.979326840625 0.635810334375 0.99167770625 0.6307114171875 0.9991956265624999 0.6264175468750001 1 0.5872361734375 0.9900667125 0.5864310703125 0.9795953453124999 0.603874840625 0.977447378125 0.621855340625 0.96992945625 0.6376888953125001
5 0.9650965125000001 0.5442976859375 0.970734934375 0.53141613125 0.9672444796875 0.515314196875 0.9637540234375 0.503237740625 0.9471072234375001 0.5131672703125 0.9441537406249999 0.5099468828125 0.9320713796875 0.5069948578125001 0.9245534765625001 0.5182662109375 0.9135451 0.5383936281249999 0.9140820921874999 0.5504700796875001 0.8974352734375 0.5614730734375 0.8966297953125 0.5799903015625001 0.902805228125 0.589919828125 0.915961571875 0.599849353125 0.9199567765625 0.5998259109374999 0.9299234125 0.5837474234375 0.9519401671875001 0.575964815625 0.957578590625 0.5603996140625 0.9650965125000001 0.5442976859375